# Blender v2.79 (sub 0) OBJ File: 'boxguy.blend'
# www.blender.org
mtllib boxguy.mtl
o Plane
v -6.000000 0.000000 6.000000
v 6.000000 0.000000 6.000000
v -6.000000 0.000000 -6.000000
v 6.000000 0.000000 -6.000000
vn 0.0000 1.0000 0.0000
usemtl None
s off
f 1//1 2//1 4//1 3//1
o boxguy.head_Boxguy.001
v 0.470379 2.180539 -1.322719
v 1.315615 2.180539 0.489896
v -0.469463 2.527836 1.322292
v -1.314699 2.527836 -0.490324
v 0.785137 4.150155 -1.469493
v 1.630372 4.150155 0.343123
v -0.154706 4.497451 1.175518
v -0.999942 4.497451 -0.637098
vn 0.1574 0.9848 -0.0734
vn 0.8925 -0.1736 -0.4162
vn 0.4226 -0.0000 0.9063
vn -0.8925 0.1736 0.4162
vn -0.4226 0.0000 -0.9063
vn -0.1574 -0.9848 0.0734
usemtl Material
s off
f 9//2 12//2 11//2 10//2
f 5//3 9//3 10//3 6//3
f 6//4 10//4 11//4 7//4
f 7//5 11//5 12//5 8//5
f 9//6 5//6 8//6 12//6
f 6//7 7//7 8//7 5//7
o boxguy.arm.right_Boxguy.002
v 0.005166 2.226089 -0.579051
v -0.135797 2.177876 -0.446589
v 0.136275 2.007012 -0.519265
v -0.004688 1.958800 -0.386803
v -0.358752 1.866935 -1.097047
v -0.499715 1.818723 -0.964586
v -0.227643 1.647859 -1.037261
v -0.368606 1.599647 -0.904799
v -0.324212 1.976756 -1.197457
v -0.631630 1.871613 -0.908580
v -0.095727 1.594970 -1.093268
v -0.403145 1.489827 -0.804390
v -0.539143 1.764639 -1.503387
v -0.846561 1.659496 -1.214509
v -0.310659 1.382853 -1.399197
v -0.618076 1.277710 -1.110320
vn 0.5000 0.4935 0.7117
vn 0.7071 0.2418 -0.6645
vn -0.7071 -0.2418 0.6645
vn 0.5000 -0.8355 0.2280
vn -0.5000 0.8355 -0.2280
vn -0.5000 -0.4935 -0.7117
usemtl Material
s off
f 17//8 19//8 23//8 21//8
f 13//9 15//9 19//9 17//9
f 16//10 14//10 18//10 20//10
f 15//11 16//11 20//11 19//11
f 14//12 13//12 17//12 18//12
f 21//9 23//9 27//9 25//9
f 20//8 18//8 22//8 24//8
f 19//8 20//8 24//8 23//8
f 18//8 17//8 21//8 22//8
f 26//13 25//13 27//13 28//13
f 24//10 22//10 26//10 28//10
f 23//11 24//11 28//11 27//11
f 22//12 21//12 25//12 26//12
f 14//8 16//8 15//8 13//8
o boxguy.arm.left_Boxguy.003
v 0.100237 2.214670 0.439678
v -0.040726 2.214670 0.580641
v 0.036821 1.968266 0.376262
v -0.104142 1.968266 0.517225
v 0.583858 1.965735 0.923299
v 0.442895 1.965735 1.064263
v 0.520442 1.719331 0.859883
v 0.379479 1.719331 1.000847
v 0.690634 2.057238 0.863623
v 0.383217 2.057238 1.171040
v 0.580119 1.627827 0.753107
v 0.272702 1.627827 1.060524
v 0.976262 1.910217 1.149251
v 0.668845 1.910217 1.456668
v 0.865747 1.480806 1.038735
v 0.558329 1.480806 1.346152
vn 0.2418 0.9397 0.2418
vn -0.6645 0.3420 -0.6645
vn 0.7071 0.0000 -0.7071
vn 0.6645 -0.3420 0.6645
vn -0.7071 0.0000 0.7071
vn -0.2418 -0.9397 -0.2418
usemtl Material
s off
f 30//14 34//14 33//14 29//14
f 33//15 34//15 38//15 37//15
f 39//16 37//16 41//16 43//16
f 35//15 33//15 37//15 39//15
f 34//15 36//15 40//15 38//15
f 36//15 35//15 39//15 40//15
f 41//17 42//17 44//17 43//17
f 38//18 40//18 44//18 42//18
f 40//19 39//19 43//19 44//19
f 37//14 38//14 42//14 41//14
f 31//19 35//19 36//19 32//19
f 32//18 36//18 34//18 30//18
f 31//16 29//16 33//16 35//16
f 30//15 29//15 31//15 32//15
o boxguy.torso_Boxguy
v -0.477630 2.351369 -0.477630
v -0.477630 2.351369 0.477630
v 0.477630 1.182638 -0.477630
v 0.477630 1.182638 0.477630
v -0.477630 1.182638 -0.477630
v -0.477630 1.182638 0.477630
v 0.477630 2.351369 -0.477630
v 0.477630 2.351369 0.477630
v -0.477630 2.351369 -0.477630
v -0.477630 2.351369 0.477630
v 0.477630 1.182638 -0.477630
v 0.477630 1.182638 0.477630
v -0.477630 1.182638 -0.477630
v -0.477630 1.182638 0.477630
v 0.477630 1.182638 -0.477630
v 0.477630 1.182638 0.477630
v -0.477630 1.182638 -0.477630
v -0.477630 1.182638 0.477630
vn -1.0000 0.0000 -0.0000
vn 0.0000 0.0000 1.0000
vn 1.0000 0.0000 0.0000
vn 0.0000 0.0000 -1.0000
vn 0.0000 -1.0000 0.0000
vn 0.0000 1.0000 0.0000
usemtl Material
s off
f 46//20 45//20 49//20 50//20
f 48//21 50//21 62//21 60//21
f 49//21 45//21 53//21 57//21
f 47//21 49//21 57//21 55//21
f 51//22 52//22 56//22 55//22
f 50//21 48//21 56//21 58//21
f 48//21 47//21 55//21 56//21
f 46//21 50//21 58//21 54//21
f 53//23 51//23 55//23 57//23
f 58//21 56//21 52//21 54//21
f 47//21 48//21 60//21 59//21
f 50//21 49//21 61//21 62//21
f 49//21 47//21 59//21 61//21
f 60//24 62//24 61//24 59//24
f 46//25 54//25 52//25 51//25 53//25 45//25
o boxguy.leg.right_Boxguy.004
v 0.099719 1.303883 -0.350001
v -0.104958 1.059959 -0.350000
v 0.099718 1.303883 -0.095527
v -0.104959 1.059959 -0.095526
v 0.812165 0.706070 -0.350000
v 0.607488 0.462146 -0.349999
v 0.812164 0.706070 -0.095526
v 0.607487 0.462146 -0.095525
v 0.866124 0.770376 -0.413619
v 0.398445 0.213018 -0.413616
v 0.866123 0.770376 -0.031908
v 0.398443 0.213018 -0.031906
v 1.053905 0.612810 -0.413619
v 0.586225 0.055451 -0.413616
v 1.053903 0.612810 -0.031908
v 0.586224 0.055451 -0.031906
vn -0.7660 0.6428 -0.0000
vn -0.6428 -0.7660 -0.0000
vn 0.0000 0.0000 1.0000
vn 0.6428 0.7660 0.0000
vn -0.0000 -0.0000 -1.0000
vn 0.7660 -0.6428 0.0000
usemtl Material
s off
f 64//26 66//26 65//26 63//26
f 66//27 64//27 68//27 70//27
f 67//26 69//26 73//26 71//26
f 65//28 66//28 70//28 69//28
f 63//29 65//29 69//29 67//29
f 64//30 63//30 67//30 68//30
f 68//26 67//26 71//26 72//26
f 70//26 68//26 72//26 74//26
f 69//26 70//26 74//26 73//26
f 75//31 77//31 78//31 76//31
f 73//28 74//28 78//28 77//28
f 71//29 73//29 77//29 75//29
f 72//30 71//30 75//30 76//30
f 74//27 72//27 76//27 78//27
o boxguy.leg.left_Boxguy.005
v 0.125386 1.065266 0.095514
v -0.099772 1.290439 0.095531
v 0.125403 1.065231 0.349988
v -0.099754 1.290404 0.350005
v -0.532197 0.407631 0.095685
v -0.757354 0.632804 0.095702
v -0.532179 0.407596 0.350160
v -0.757336 0.632769 0.350176
v -0.472842 0.348277 0.032063
v -0.987320 0.862789 0.032101
v -0.472815 0.348224 0.413774
v -0.987293 0.862737 0.413812
v -0.646162 0.174943 0.032108
v -1.160640 0.689456 0.032146
v -0.646135 0.174891 0.413819
v -1.160613 0.689403 0.413857
vn -0.7071 0.7071 0.0001
vn 0.7071 0.7071 0.0000
vn 0.0002 0.0001 1.0000
vn -0.0002 -0.0001 -1.0000
vn 0.7071 -0.7071 -0.0001
vn -0.7071 -0.7071 -0.0000
usemtl Material
s off
f 82//32 80//32 84//32 86//32
f 83//33 85//33 89//33 87//33
f 81//34 82//34 86//34 85//34
f 80//35 79//35 83//35 84//35
f 79//36 81//36 85//36 83//36
f 89//34 90//34 94//34 93//34
f 90//32 88//32 92//32 94//32
f 84//33 83//33 87//33 88//33
f 86//33 84//33 88//33 90//33
f 85//33 86//33 90//33 89//33
f 91//37 93//37 94//37 92//37
f 87//36 89//36 93//36 91//36
f 88//35 87//35 91//35 92//35
f 80//33 82//33 81//33 79//33
